|   CLUMP_ID|CORE_ID|FLUX_PEAK|FLUX_INT|FWHM_1|FWHM_2|    PA|RADIUS|   MASS|      RA|      DEC|
|       char|   long|   double|  double|double|double|double|double| double|  double|   double|
|           |       |      mJy|     mJy|arcsec|arcsec|   deg|    AU|solMass|     deg|      deg|
|       null|   null|     null|    null|  null|  null|  null|  null|   null|    null|     null|
         72B       1   0.00028    0.026  0.043  0.053   -0.1   2387    2.60 84.71989 -69.07724 
         72A       2   0.00026    0.044  0.064  0.064   89.0   3200    4.40 84.72067 -69.07693 
         72A       3   0.00023    0.017  0.043  0.043   89.9   2150    1.70 84.72129 -69.07684 
         72B       4   0.00022    0.038  0.064  0.064    0.4   3200    3.80 84.71976 -69.07721 
         72B       5    0.0007    0.239  0.064  0.064  -78.0   3200   23.88 84.71976 -69.07719 
         72B       6   0.00022    0.011  0.043  0.043   90.0   2150    1.10 84.71984 -69.07719 
         72B       7   0.00029    0.058  0.064  0.064  -63.8   3200    5.79  84.7197 -69.07717 
         72B       8   0.00045    0.213  0.064  0.064  -42.2   3200   21.28 84.71983 -69.07717 
         72B       9   0.00034    0.091  0.064  0.056   89.3   2993    9.09 84.71975 -69.07716 
         72B      10   0.00036    0.119  0.054  0.064  -87.2   2939   11.89 84.71981 -69.07715 
         72B      11   0.00029    0.098  0.064  0.064   84.6   3200    9.79 84.71975 -69.07714 
         72B      12   0.00027    0.122  0.064  0.064   68.1   3200   12.19 84.71976 -69.07712 
         72B      13   0.00024    0.045  0.064   0.06   37.9   3098    4.50 84.71969 -69.07712 
         72B      14   0.00045    0.127   0.05  0.064  -90.0   2828   12.69 84.71999 -69.07716 
         72B      15   0.00307    1.136  0.064  0.062  -90.0   3150  113.49 84.71993 -69.07715 
         72B      16   0.00065    0.162  0.064  0.043   -2.5   2623   16.18  84.7199 -69.07713 
         72A      17   0.00092     0.24  0.051  0.064   15.6   2857   23.98 84.72095 -69.07691 
         72A      18   0.00049    0.165  0.064  0.064   87.2   3200   16.48  84.7209 -69.07689 
         72A      19   0.00031    0.121  0.064  0.064   90.0   3200   12.09 84.72082 -69.07689 
         72A      20   0.00084    0.409  0.064  0.064   65.3   3200   40.86 84.72099 -69.07689 
         72A      21   0.00024    0.039  0.064  0.046    7.2   2713    3.90 84.72111 -69.07688 
         72A      22    0.0006    0.195  0.064  0.045   46.2   2683   19.48 84.72105 -69.07688 
         72A      23   0.00031    0.138  0.064  0.064   57.6   3200   13.79 84.72112 -69.07687 
         72A      24   0.00028    0.097  0.064  0.064  -88.6   3200    9.69 84.72089 -69.07687 
         72A      25   0.00097    0.358  0.064  0.064  -82.5   3200   35.77 84.72102 -69.07687 
         72A      26   0.00052    0.107  0.064  0.043   -7.3   2623   10.69 84.72105 -69.07686 
         72A      27   0.00047    0.134  0.064  0.064   86.9   3200   13.39 84.72091 -69.07684 
         72A      28   0.00032    0.115  0.064  0.064   89.4   3200   11.49 84.72104 -69.07683 
         72A      29   0.00033    0.096  0.064  0.064   89.7   3200    9.59 84.72111 -69.07683 
         72A      30   0.00027    0.084  0.064  0.064  -89.6   3200    8.39 84.72118 -69.07683 
         52B      31   0.00064    0.121  0.043  0.063  -32.8   2602   12.09 84.70549 -69.07907 
         52B      32   0.00048    0.168  0.065  0.065  -90.0   3250   16.78 84.70541 -69.07903 
         52A      33   0.00028    0.035  0.043  0.049  -41.3   2295    3.50  84.7056 -69.07846 
         52B      34   0.00027    0.081  0.065  0.065   89.8   3250    8.09 84.70531 -69.07902 
         52B      35   0.00031    0.108  0.065  0.065   90.0   3250   10.79 84.70525 -69.07901 
         52A      36    0.0002    0.024  0.043  0.044   19.9   2175    2.40 84.70526 -69.07848 
         52A      37   0.00025    0.081  0.065  0.065   31.8   3250    8.09 84.70537 -69.07848 
         52A      38   0.00017    0.004  0.043  0.043   89.7   2150    0.40 84.70528 -69.07847 
         52A      39   0.00021    0.022  0.065  0.043  -48.6   2643    2.20 84.70547 -69.07847 
         52A      40   0.00023    0.052  0.065  0.065   90.0   3250    5.20 84.70543 -69.07847 
         52A      41   0.00021    0.039  0.065  0.051   50.9   2879    3.90 84.70541 -69.07844 
         52A      42    0.0004    0.082  0.065   0.05  -81.8   2850    8.19  84.7051 -69.07847 
         52A      43   0.00021    0.057  0.065  0.065  -90.0   3250    5.69 84.70505 -69.07845 
         52A      44   0.00029    0.038  0.065  0.065   88.1   3250    3.80 84.70512 -69.07843 
         52A      45   0.00042    0.154  0.065  0.065  -36.2   3250   15.39 84.70524 -69.07841 
         52A      46   0.00173     0.62  0.065   0.06   53.3   3122   61.94 84.70508  -69.0784 
         52A      47   0.00045    0.113  0.045  0.065   50.8   2704   11.29 84.70518 -69.07839 
         52A      48    0.0005    0.188  0.065  0.065  -32.0   3250   18.78 84.70527 -69.07839 
         52A      49   0.00143    0.409  0.056  0.065    8.3   3017   40.86 84.70513 -69.07839 
         52A      50   0.00027    0.042  0.043  0.047   18.7   2248    4.20 84.70531 -69.07839 
         52A      51   0.00028    0.141  0.065  0.065  -90.0   3250   14.09 84.70501 -69.07838 
         52A      52   0.00055    0.178  0.065  0.065  -20.8   3250   17.78 84.70517 -69.07838 
         52A      53   0.00035    0.063  0.065  0.043   35.5   2643    6.29 84.70537 -69.07837 
         52A      54   0.00026    0.051  0.065  0.043  -22.2   2643    5.10  84.7053 -69.07837 
         52A      55   0.00031    0.078  0.065  0.047  -84.9   2764    7.79 84.70522 -69.07837 
         52A      56   0.00033    0.079  0.065  0.049  -36.0   2822    7.89 84.70542 -69.07836 
         52A      57   0.00037    0.135  0.065  0.065  -78.8   3250   13.49 84.70535 -69.07836 
         52A      58   0.00025    0.036  0.065  0.065   68.0   3250    3.60 84.70514 -69.07835 
         52A      59   0.00272    0.601  0.046  0.056  -11.8   2538   60.04 84.70503 -69.07835 
         52A      60   0.00029    0.074  0.065  0.051   15.1   2879    7.39 84.70544 -69.07835 
         52A      61   0.00061    0.168  0.051  0.065   26.9   2879   16.78 84.70527 -69.07834 
         52A      62   0.00048    0.214  0.065  0.065  -78.6   3250   21.38 84.70491 -69.07834 
         52A      63   0.00035    0.088  0.065  0.065   37.4   3250    8.79 84.70532 -69.07833 
         52A      64   0.00026    0.035  0.055  0.043  -86.0   2432    3.50 84.70517 -69.07833 
         52A      65   0.00031    0.057  0.065  0.065  -13.2   3250    5.69 84.70483 -69.07833 
         52A      66   0.00028    0.109  0.065  0.065   38.3   3250   10.89 84.70511 -69.07832 
         52A      67   0.00025    0.116  0.065  0.065  -44.1   3250   11.59 84.70498 -69.07832 
         52A      68   0.00021    0.035  0.043  0.065   38.6   2643    3.50 84.70502 -69.07831 
         52A      69   0.00026    0.054  0.051  0.064  -26.4   2857    5.39  84.7048 -69.07832 
         52A      70   0.00032    0.157  0.065  0.065   39.0   3250   15.68 84.70487 -69.07831 
         52A      71    0.0003    0.077  0.065  0.065   42.2   3250    7.69 84.70475 -69.07829 
